import pandas as pd
import numpy as np
df=pd.read_csv("C:/Users/admin/Downloads/archive (9).zip")
df.head()

Passengerid 	Age 	Fare 	Sex 	sibsp 	zero 	zero.1 	zero.2 	zero.3 	zero.4 	... 	zero.12 	zero.13 	zero.14 	Pclass 	zero.15 	zero.16 	Embarked 	zero.17 	zero.18 	2urvived
0 	1 	22.0 	7.2500 	0 	1 	0 	0 	0 	0 	0 	... 	0 	0 	0 	3 	0 	0 	2.0 	0 	0 	0
1 	2 	38.0 	71.2833 	1 	1 	0 	0 	0 	0 	0 	... 	0 	0 	0 	1 	0 	0 	0.0 	0 	0 	1
2 	3 	26.0 	7.9250 	1 	0 	0 	0 	0 	0 	0 	... 	0 	0 	0 	3 	0 	0 	2.0 	0 	0 	1
3 	4 	35.0 	53.1000 	1 	1 	0 	0 	0 	0 	0 	... 	0 	0 	0 	1 	0 	0 	2.0 	0 	0 	1
4 	5 	35.0 	8.0500 	0 	0 	0 	0 	0 	0 	0 	... 	0 	0 	0 	3 	0 	0 	2.0 	0 	0 	0

5 rows × 28 columns

df.describe()

	Passengerid 	Age 	Fare 	Sex 	sibsp 	zero 	zero.1 	zero.2 	zero.3 	zero.4 	... 	zero.12 	zero.13 	zero.14 	Pclass 	zero.15 	zero.16 	Embarked 	zero.17 	zero.18 	2urvived
count 	1309.000000 	1309.000000 	1309.000000 	1309.000000 	1309.000000 	1309.0 	1309.0 	1309.0 	1309.0 	1309.0 	... 	1309.0 	1309.0 	1309.0 	1309.000000 	1309.0 	1309.0 	1307.000000 	1309.0 	1309.0 	1309.000000
mean 	655.000000 	29.503186 	33.281086 	0.355997 	0.498854 	0.0 	0.0 	0.0 	0.0 	0.0 	... 	0.0 	0.0 	0.0 	2.294882 	0.0 	0.0 	1.492731 	0.0 	0.0 	0.261268
std 	378.020061 	12.905241 	51.741500 	0.478997 	1.041658 	0.0 	0.0 	0.0 	0.0 	0.0 	... 	0.0 	0.0 	0.0 	0.837836 	0.0 	0.0 	0.814626 	0.0 	0.0 	0.439494
min 	1.000000 	0.170000 	0.000000 	0.000000 	0.000000 	0.0 	0.0 	0.0 	0.0 	0.0 	... 	0.0 	0.0 	0.0 	1.000000 	0.0 	0.0 	0.000000 	0.0 	0.0 	0.000000
25% 	328.000000 	22.000000 	7.895800 	0.000000 	0.000000 	0.0 	0.0 	0.0 	0.0 	0.0 	... 	0.0 	0.0 	0.0 	2.000000 	0.0 	0.0 	1.000000 	0.0 	0.0 	0.000000
50% 	655.000000 	28.000000 	14.454200 	0.000000 	0.000000 	0.0 	0.0 	0.0 	0.0 	0.0 	... 	0.0 	0.0 	0.0 	3.000000 	0.0 	0.0 	2.000000 	0.0 	0.0 	0.000000
75% 	982.000000 	35.000000 	31.275000 	1.000000 	1.000000 	0.0 	0.0 	0.0 	0.0 	0.0 	... 	0.0 	0.0 	0.0 	3.000000 	0.0 	0.0 	2.000000 	0.0 	0.0 	1.000000
max 	1309.000000 	80.000000 	512.329200 	1.000000 	8.000000 	0.0 	0.0 	0.0 	0.0 	0.0 	... 	0.0 	0.0 	0.0 	3.000000 	0.0 	0.0 	2.000000 	0.0 	0.0 	1.000000

8 rows × 28 columns

#numerical variable
df['Age']

0       22.0
1       38.0
2       26.0
3       35.0
4       35.0
        ... 
1304    28.0
1305    39.0
1306    38.5
1307    28.0
1308    28.0
Name: Age, Length: 1309, dtype: float64

df['Age'].unique()

array([22.  , 38.  , 26.  , 35.  , 28.  , 54.  ,  2.  , 27.  , 14.  ,
        4.  , 58.  , 20.  , 39.  , 55.  , 31.  , 34.  , 15.  ,  8.  ,
       19.  , 40.  , 66.  , 42.  , 21.  , 18.  ,  3.  ,  7.  , 49.  ,
       29.  , 65.  , 28.5 ,  5.  , 11.  , 45.  , 17.  , 32.  , 16.  ,
       25.  ,  0.83, 30.  , 33.  , 23.  , 24.  , 46.  , 59.  , 71.  ,
       37.  , 47.  , 14.5 , 70.5 , 32.5 , 12.  ,  9.  , 36.5 , 51.  ,
       55.5 , 40.5 , 44.  ,  1.  , 61.  , 56.  , 50.  , 36.  , 45.5 ,
       20.5 , 62.  , 41.  , 52.  , 63.  , 23.5 ,  0.92, 43.  , 60.  ,
       10.  , 64.  , 13.  , 48.  ,  0.75, 53.  , 57.  , 80.  , 70.  ,
       24.5 ,  6.  ,  0.67, 30.5 ,  0.42, 34.5 , 74.  , 22.5 , 18.5 ,
       67.  , 76.  , 26.5 , 60.5 , 11.5 ,  0.33,  0.17, 38.5 ])

df['sibsp'].unique()

array([1, 0, 3, 4, 2, 5, 8], dtype=int64)

df['Fare'].unique()

array([  7.25  ,  71.2833,   7.925 ,  53.1   ,   8.05  ,   8.4583,
        51.8625,  21.075 ,  11.1333,  30.0708,  16.7   ,  26.55  ,
        31.275 ,   7.8542,  16.    ,  29.125 ,  13.    ,  18.    ,
         7.225 ,  26.    ,   8.0292,  35.5   ,  31.3875, 263.    ,
         7.8792,   7.8958,  27.7208, 146.5208,   7.75  ,  10.5   ,
        82.1708,  52.    ,   7.2292,  11.2417,   9.475 ,  21.    ,
        41.5792,  15.5   ,  21.6792,  17.8   ,  39.6875,   7.8   ,
        76.7292,  61.9792,  27.75  ,  46.9   ,  80.    ,  83.475 ,
        27.9   ,  15.2458,   8.1583,   8.6625,  73.5   ,  14.4542,
        56.4958,   7.65  ,  29.    ,  12.475 ,   9.    ,   9.5   ,
         7.7875,  47.1   ,  15.85  ,  34.375 ,  61.175 ,  20.575 ,
        34.6542,  63.3583,  23.    ,  77.2875,   8.6542,   7.775 ,
        24.15  ,   9.825 ,  14.4583, 247.5208,   7.1417,  22.3583,
         6.975 ,   7.05  ,  14.5   ,  15.0458,  26.2833,   9.2167,
        79.2   ,   6.75  ,  11.5   ,  36.75  ,   7.7958,  12.525 ,
        66.6   ,   7.3125,  61.3792,   7.7333,  69.55  ,  16.1   ,
        15.75  ,  20.525 ,  55.    ,  25.925 ,  33.5   ,  30.6958,
        25.4667,  28.7125,   0.    ,  15.05  ,  39.    ,  22.025 ,
        50.    ,   8.4042,   6.4958,  10.4625,  18.7875,  31.    ,
       113.275 ,  27.    ,  76.2917,  90.    ,   9.35  ,  13.5   ,
         7.55  ,  26.25  ,  12.275 ,   7.125 ,  52.5542,  20.2125,
        86.5   , 512.3292,  79.65  , 153.4625, 135.6333,  19.5   ,
        29.7   ,  77.9583,  20.25  ,  78.85  ,  91.0792,  12.875 ,
         8.85  , 151.55  ,  30.5   ,  23.25  ,  12.35  , 110.8833,
       108.9   ,  24.    ,  56.9292,  83.1583, 262.375 ,  14.    ,
       164.8667, 134.5   ,   6.2375,  57.9792,  28.5   , 133.65  ,
        15.9   ,   9.225 ,  35.    ,  75.25  ,  69.3   ,  55.4417,
       211.5   ,   4.0125, 227.525 ,  15.7417,   7.7292,  12.    ,
       120.    ,  12.65  ,  18.75  ,   6.8583,  32.5   ,   7.875 ,
        14.4   ,  55.9   ,   8.1125,  81.8583,  19.2583,  19.9667,
        89.1042,  38.5   ,   7.725 ,  13.7917,   9.8375,   7.0458,
         7.5208,  12.2875,   9.5875,  49.5042,  78.2667,  15.1   ,
         7.6292,  22.525 ,  26.2875,  59.4   ,   7.4958,  34.0208,
        93.5   , 221.7792, 106.425 ,  49.5   ,  71.    ,  13.8625,
         7.8292,  39.6   ,  17.4   ,  51.4792,  26.3875,  30.    ,
        40.125 ,   8.7125,  15.    ,  33.    ,  42.4   ,  15.55  ,
        65.    ,  32.3208,   7.0542,   8.4333,  25.5875,   9.8417,
         8.1375,  10.1708, 211.3375,  57.    ,  13.4167,   7.7417,
         9.4833,   7.7375,   8.3625,  23.45  ,  25.9292,   8.6833,
         8.5167,   7.8875,  37.0042,   6.45  ,   6.95  ,   8.3   ,
         6.4375,  39.4   ,  14.1083,  13.8583,  50.4958,   5.    ,
         9.8458,  10.5167,   7.    ,   9.6875,  82.2667,   3.1708,
        31.6833,  31.5   ,  57.75  ,   7.85  ,  60.    ,  15.0333,
        15.5792,  28.5375,  25.7   ,  10.7083,  13.9   ,   7.8208,
         7.7792,  31.6792,   7.2833,  75.2417,  12.1833,  13.775 ,
         8.9625,  25.7417,  42.5   ,  27.4458, 136.7792,   9.325 ,
        12.7375,  45.5   ,   7.575 ,   7.5792,   7.7208])

df['Sex'].unique()

array([0, 1], dtype=int64)

df['Passengerid'].unique()

array([   1,    2,    3, ..., 1307, 1308, 1309], dtype=int64)

df['Pclass'].unique()

array([3, 1, 2], dtype=int64)

df['Embarked'].unique()

array([ 2.,  0.,  1., nan])

df['2urvived'].unique()

array([0, 1], dtype=int64)

df['Pclass'].unique()

array([3, 1, 2], dtype=int64)

df['Fare'].unique()

array([  7.25  ,  71.2833,   7.925 ,  53.1   ,   8.05  ,   8.4583,
        51.8625,  21.075 ,  11.1333,  30.0708,  16.7   ,  26.55  ,
        31.275 ,   7.8542,  16.    ,  29.125 ,  13.    ,  18.    ,
         7.225 ,  26.    ,   8.0292,  35.5   ,  31.3875, 263.    ,
         7.8792,   7.8958,  27.7208, 146.5208,   7.75  ,  10.5   ,
        82.1708,  52.    ,   7.2292,  11.2417,   9.475 ,  21.    ,
        41.5792,  15.5   ,  21.6792,  17.8   ,  39.6875,   7.8   ,
        76.7292,  61.9792,  27.75  ,  46.9   ,  80.    ,  83.475 ,
        27.9   ,  15.2458,   8.1583,   8.6625,  73.5   ,  14.4542,
        56.4958,   7.65  ,  29.    ,  12.475 ,   9.    ,   9.5   ,
         7.7875,  47.1   ,  15.85  ,  34.375 ,  61.175 ,  20.575 ,
        34.6542,  63.3583,  23.    ,  77.2875,   8.6542,   7.775 ,
        24.15  ,   9.825 ,  14.4583, 247.5208,   7.1417,  22.3583,
         6.975 ,   7.05  ,  14.5   ,  15.0458,  26.2833,   9.2167,
        79.2   ,   6.75  ,  11.5   ,  36.75  ,   7.7958,  12.525 ,
        66.6   ,   7.3125,  61.3792,   7.7333,  69.55  ,  16.1   ,
        15.75  ,  20.525 ,  55.    ,  25.925 ,  33.5   ,  30.6958,
        25.4667,  28.7125,   0.    ,  15.05  ,  39.    ,  22.025 ,
        50.    ,   8.4042,   6.4958,  10.4625,  18.7875,  31.    ,
       113.275 ,  27.    ,  76.2917,  90.    ,   9.35  ,  13.5   ,
         7.55  ,  26.25  ,  12.275 ,   7.125 ,  52.5542,  20.2125,
        86.5   , 512.3292,  79.65  , 153.4625, 135.6333,  19.5   ,
        29.7   ,  77.9583,  20.25  ,  78.85  ,  91.0792,  12.875 ,
         8.85  , 151.55  ,  30.5   ,  23.25  ,  12.35  , 110.8833,
       108.9   ,  24.    ,  56.9292,  83.1583, 262.375 ,  14.    ,
       164.8667, 134.5   ,   6.2375,  57.9792,  28.5   , 133.65  ,
        15.9   ,   9.225 ,  35.    ,  75.25  ,  69.3   ,  55.4417,
       211.5   ,   4.0125, 227.525 ,  15.7417,   7.7292,  12.    ,
       120.    ,  12.65  ,  18.75  ,   6.8583,  32.5   ,   7.875 ,
        14.4   ,  55.9   ,   8.1125,  81.8583,  19.2583,  19.9667,
        89.1042,  38.5   ,   7.725 ,  13.7917,   9.8375,   7.0458,
         7.5208,  12.2875,   9.5875,  49.5042,  78.2667,  15.1   ,
         7.6292,  22.525 ,  26.2875,  59.4   ,   7.4958,  34.0208,
        93.5   , 221.7792, 106.425 ,  49.5   ,  71.    ,  13.8625,
         7.8292,  39.6   ,  17.4   ,  51.4792,  26.3875,  30.    ,
        40.125 ,   8.7125,  15.    ,  33.    ,  42.4   ,  15.55  ,
        65.    ,  32.3208,   7.0542,   8.4333,  25.5875,   9.8417,
         8.1375,  10.1708, 211.3375,  57.    ,  13.4167,   7.7417,
         9.4833,   7.7375,   8.3625,  23.45  ,  25.9292,   8.6833,
         8.5167,   7.8875,  37.0042,   6.45  ,   6.95  ,   8.3   ,
         6.4375,  39.4   ,  14.1083,  13.8583,  50.4958,   5.    ,
         9.8458,  10.5167,   7.    ,   9.6875,  82.2667,   3.1708,
        31.6833,  31.5   ,  57.75  ,   7.85  ,  60.    ,  15.0333,
        15.5792,  28.5375,  25.7   ,  10.7083,  13.9   ,   7.8208,
         7.7792,  31.6792,   7.2833,  75.2417,  12.1833,  13.775 ,
         8.9625,  25.7417,  42.5   ,  27.4458, 136.7792,   9.325 ,
        12.7375,  45.5   ,   7.575 ,   7.5792,   7.7208])
